,City,Latitude,Longitude,Max Temp (C),Wind Speed (kph),Cloudiness Percent,Humidity Percent
0,Puerto Ayora,-0.74,-90.35,30.0,8.7,20,70
1,Ushuaia,-54.81,-68.31,8.0,2.6,40,65
2,Bredasdorp,-34.53,20.04,17.0,2.1,25,77
3,Hobart,-42.88,147.33,7.0,5.1,40,81
4,Ostrovnoy,68.05,39.51,-1.55,4.59,3,89
5,Acapulco,16.86,-99.88,29.0,3.6,5,66
6,Albany,42.65,-73.75,21.67,1.5,75,59
7,Busselton,-33.64,115.35,10.56,7.7,29,70
8,Souillac,45.6,-0.6,19.44,3.6,0,63
9,Tonota,-21.44,27.46,23.0,3.1,0,33
10,Ilulissat,69.22,-51.1,8.0,4.1,20,49
11,Rikitea,-23.12,-134.97,25.35,8.89,4,82
12,Angoche,-16.23,39.91,23.95,2.39,2,81
13,Half Moon Bay,37.46,-122.43,16.67,3.6,90,87
14,Punta Arenas,-53.16,-70.91,11.0,4.6,75,71
15,Port Macquarie,-31.43,152.91,10.0,3.6,0,93
16,Vaini,15.34,74.49,26.05,1.32,1,87
17,Avarua,-21.21,-159.78,21.0,0.5,31,100
18,La Reforma,14.8,-91.82,34.0,3.1,20,52
19,Jardim,-21.48,-56.15,30.75,1.69,99,58
20,Cape Town,-33.93,18.42,16.67,2.6,0,87
21,Mount Isa,-20.73,139.49,14.0,3.1,0,62
22,Glubokiy,48.52,40.33,17.65,2.2,31,52
23,Longyearbyen,78.22,15.63,-3.0,1.0,20,68
24,Dauphin,51.15,-100.04,3.0,3.6,75,47
25,Torbay,47.66,-52.73,11.11,9.3,40,66
26,Oranjestad,12.52,-70.03,30.0,13.9,20,66
27,Dakar,14.69,-17.45,28.0,7.2,20,73
28,Saint-Philippe,45.36,-73.48,23.33,4.1,1,52
29,Houston,29.76,-95.37,29.44,1.5,1,42
30,Clyde River,70.47,-68.59,-4.0,4.1,90,85
31,Astaneh-ye Ashrafiyeh,37.26,49.94,19.0,2.1,0,88
32,Qaanaaq,77.48,-69.36,0.35,2.08,0,67
33,Georgetown,6.8,-58.16,29.0,5.1,40,70
34,Havre-Saint-Pierre,50.23,-63.6,13.0,3.6,1,37
35,Evensk,61.92,159.24,0.55,0.95,25,69
36,Kushima,31.5,131.29,15.56,0.74,100,77
37,Jamestown,-33.21,138.6,13.25,4.58,0,47
38,Mahebourg,-20.41,57.7,25.0,2.6,20,83
39,Margate,-43.03,147.26,7.0,5.1,40,81
40,Khatanga,71.98,102.47,-11.25,3.93,91,90
41,Butaritari,3.07,172.79,28.95,3.31,100,74
42,Sayan,15.88,43.46,35.45,1.47,3,30
43,Esperance,10.24,-61.45,32.0,8.7,75,55
44,Port Elizabeth,39.31,-74.98,23.33,3.1,75,60
45,Biskamzha,53.45,89.53,8.55,2.1,52,74
46,Zhigansk,66.77,123.37,-6.55,4.54,99,86
47,Ochamchira,42.71,41.47,18.65,3.97,2,48
48,Kokopo,-4.34,152.27,20.95,1.42,99,96
49,Guerrero Negro,27.97,-114.04,16.45,3.3,19,89
50,Honningsvag,70.98,25.97,1.0,1.5,20,64
51,Gilgit,35.92,74.31,-1.75,1.32,0,27
52,Berdigestyakh,62.1,126.7,-2.25,3.51,56,80
53,Yazman,36.74,38.46,22.65,5.61,18,34
54,Nikolskoye,59.7,30.79,9.0,6.0,40,42
55,Carnarvon,-30.97,22.13,22.55,2.89,100,23
56,Port Alfred,-33.59,26.89,18.89,3.13,64,92
57,Hilo,19.71,-155.08,21.11,2.1,90,82
58,Mataura,-46.19,168.86,10.56,0.97,100,97
59,Swan Hill,-35.34,143.56,10.95,2.01,0,65
60,Neepawa,50.23,-99.46,3.0,3.6,90,47
61,Kruisfontein,-34.0,24.73,18.25,2.72,92,82
62,Arraial do Cabo,-22.97,-42.02,32.0,3.1,0,52
63,Rennes,48.11,-1.68,15.56,2.1,0,44
64,Bluff,-23.58,149.07,12.95,3.23,0,49
65,Challapata,-18.9,-66.78,11.35,4.1,16,46
66,Jalu,29.03,21.55,26.85,4.41,83,24
67,Yishui,35.78,118.63,11.35,1.57,92,32
68,General Roca,-39.03,-67.58,15.0,3.6,0,58
69,Khorinsk,52.16,109.78,5.25,1.58,87,44
70,Katsuura,33.93,134.5,12.0,5.1,75,81
71,Saint Anthony,43.97,-111.68,17.78,3.1,40,35
72,Lantana,26.19,-97.58,29.44,5.1,90,62
73,Barrow,-38.31,-60.23,18.35,3.06,0,37
74,Kodiak,39.95,-94.76,23.89,2.83,1,52
75,College,64.86,-147.8,5.0,2.6,90,69
76,Yerbogachen,61.28,108.01,0.55,5.33,97,79
77,East London,-33.02,27.91,20.0,6.2,90,94
78,Bethel,60.79,-161.76,4.0,1.5,90,93
79,Constitucion,23.99,-104.67,21.11,2.1,5,12
80,Lagoa,37.14,-8.45,22.22,8.2,0,63
81,Salinopolis,-0.61,-47.36,28.05,5.13,100,78
82,Solhan,38.97,41.05,7.25,1.65,0,87
83,Smithers,54.78,-127.17,7.0,1.0,90,65
84,Matara,-13.74,-72.9,13.0,3.89,75,43
85,Hermanus,-34.42,19.24,15.56,7.37,1,89
86,Belance,16.2,121.24,21.95,0.19,100,92
87,Raudeberg,61.99,5.14,7.0,6.7,40,52
88,Nome,30.04,-94.42,29.44,3.1,40,54
89,Rocha,-34.48,-54.34,18.25,5.13,0,59
90,Graaff-Reinet,-32.25,24.53,22.45,1.84,88,35
91,Ribeira Grande,38.52,-28.7,17.0,13.9,75,88
92,Cumberland,41.97,-71.43,18.33,7.2,40,59
93,Cayenne,4.94,-52.33,27.0,1.5,94,88
94,Dikson,73.51,80.55,-9.95,2.07,99,87
95,Cidreira,-30.17,-50.22,23.65,5.55,97,84
96,Saskylakh,71.97,114.09,-8.65,2.32,85,93
97,Kavieng,-2.57,150.8,28.45,2.89,69,74
98,Tasiilaq,65.61,-37.64,3.0,2.6,75,93
99,Sierra Vista,31.55,-110.3,25.56,4.6,1,7
100,Norilsk,69.35,88.2,-6.0,8.0,75,92
101,Shelburne,44.08,-80.2,24.44,3.6,40,49
102,Severo-Kurilsk,50.68,156.12,3.15,3.36,0,81
103,Marana,32.44,-111.22,28.0,5.7,1,9
104,Hambantota,6.12,81.12,28.65,5.7,0,79
105,Upernavik,72.79,-56.15,1.15,3.36,53,85
106,Siocon,11.03,124.04,27.55,0.36,62,74
107,Biak,-0.91,122.88,19.35,0.93,100,99
108,Sao Filipe,14.9,-24.5,22.95,9.65,0,82
109,Bambous Virieux,-20.34,57.76,25.0,2.6,20,83
110,Broome,52.47,1.45,11.11,2.81,75,93
111,Kapaa,22.08,-159.32,20.0,3.6,75,82
112,Magan,62.1,129.53,-5.0,1.0,0,85
113,Luanda,-8.83,13.24,27.55,5.33,99,82
114,Kondinskoye,59.65,67.41,15.25,3.38,24,63
115,Sampit,-2.54,112.95,23.55,0.74,100,97
116,Santa Rosa,-36.62,-64.29,21.45,5.65,68,30
117,Zavetnoye,47.12,43.89,16.95,1.34,16,58
118,Tiksi,71.64,128.87,-10.05,2.07,15,87
119,Yumen,40.29,97.04,8.95,2.72,96,61
120,Port Hardy,50.7,-127.42,12.0,6.2,75,66
121,Castro,-42.48,-73.76,11.0,4.1,0,81
122,Hithadhoo,-0.6,73.08,29.45,3.35,36,75
123,Esna,45.2,27.57,16.0,9.3,90,87
124,Llangefni,53.26,-4.31,11.67,3.1,99,57
125,Darasun,51.66,113.98,10.0,2.0,6,27
126,New Norfolk,-42.78,147.06,7.0,5.1,40,81
127,Codrington,-28.95,153.24,12.22,3.1,0,93
128,Sumbawanga,-7.95,31.62,14.75,1.44,50,95
129,Maryville,40.35,-94.87,23.89,5.25,1,52
130,Atuona,-9.8,-139.03,28.25,7.79,81,76
131,Langsa,4.47,97.97,21.65,1.57,98,91
132,Rio Gallegos,-51.62,-69.22,13.0,1.5,0,58
133,Vila Franca do Campo,37.72,-25.43,17.0,9.3,75,88
134,Naze,5.43,7.07,31.0,1.5,40,70
135,Gawler,-34.6,138.75,15.0,5.1,0,58
136,Kerrville,30.05,-99.14,23.89,5.7,40,78
137,Saint-Joseph,43.56,6.97,18.0,3.1,0,48
138,Provideniya,64.42,-173.23,-2.85,3.99,66,87
139,Mobaye,4.33,21.18,25.35,2.5,93,83
140,Padang,-0.92,100.36,24.0,1.5,20,88
141,Stege,54.99,12.28,10.0,5.1,6,49
142,Oistins,13.07,-59.53,30.0,8.7,40,58
143,Kashan,33.99,51.44,27.0,2.1,0,13
144,Chokurdakh,70.62,147.9,-4.35,7.96,100,94
145,Tulum,20.21,-87.46,30.56,4.1,90,70
146,Hami,42.84,93.51,13.35,0.7,80,47
147,Lebu,8.96,38.73,16.85,2.4,81,44
148,Troitskoye,52.98,84.68,13.75,1.34,22,46
149,Aginskoye,51.11,114.54,4.44,2.24,24,77
150,Palamos,41.85,3.13,17.78,6.7,20,59
151,Minab,27.15,57.07,30.0,2.1,0,54
152,Lagunas,-5.23,-75.68,37.85,0.69,35,36
153,Cabo San Lucas,22.89,-109.91,30.0,4.1,5,61
154,Aksarka,66.56,67.8,-0.35,2.68,83,89
155,San Jose Iturbide,21.0,-100.38,26.11,2.1,75,31
156,Brownwood,31.71,-98.99,25.56,5.7,40,69
157,Ponta do Sol,-20.63,-46.0,24.95,1.42,24,71
158,Mandera,3.94,41.86,30.25,5.75,83,58
159,Lavrentiya,65.58,-170.99,-3.95,4.08,91,97
160,Nanortalik,60.14,-45.24,8.15,7.51,74,62
161,Sarangani,5.4,125.46,29.35,5.18,0,73
162,Bonfim,3.36,-59.84,29.85,3.82,100,62
163,Preston,53.76,-2.71,11.67,5.7,20,66
164,Airai,-8.93,125.41,24.05,2.57,100,76
165,Sarh,9.14,18.39,39.0,1.19,0,27
166,Lerwick,60.15,-1.15,6.0,6.2,40,63
167,San Antonio,-33.58,-71.61,16.0,3.1,75,77
168,Kholuy,56.58,41.87,15.85,1.38,100,59
169,Katangli,51.71,143.23,1.35,4.19,86,85
170,Lorengau,-2.02,147.27,25.45,1.45,90,91
171,Gwadar,25.12,62.33,28.85,4.79,0,67
172,Mahajanga,-15.72,46.32,26.0,1.09,20,78
173,Tuktoyaktuk,69.44,-133.03,-11.0,5.7,90,92
174,Geraldton,49.72,-86.95,2.0,5.1,90,43
175,Amapa,15.09,-87.97,36.11,5.1,75,52
176,Victoria,5.28,115.24,28.0,1.0,75,88
177,Vanimo,-2.67,141.3,28.15,6.98,100,80
178,Yarada,17.65,83.27,30.0,3.6,40,79
179,Tazovskiy,67.47,78.7,0.95,4.84,90,97
180,Saint George,39.45,22.34,18.0,6.2,20,57
181,Yulara,-25.24,130.99,7.0,1.5,0,39
182,Ilhabela,-23.78,-45.36,27.55,2.6,5,74
183,Talnakh,69.49,88.39,-6.0,8.0,75,92
184,Cherskiy,68.75,161.3,-6.75,2.58,12,81
185,Gat,14.69,-16.54,28.0,10.3,0,51
186,Necochea,-38.55,-58.74,15.56,1.79,0,53
187,Aklavik,68.22,-135.01,-5.0,3.6,75,57
188,Jijiga,9.35,42.8,19.95,2.1,96,60
189,Changji,32.07,116.17,13.75,4.1,91,44
190,Goderich,43.74,-81.71,20.0,4.66,98,99
191,Nouakchott,18.08,-15.98,27.0,8.7,0,54
192,Sao Mateus,-18.72,-39.86,28.55,2.41,42,69
193,Ucluelet,48.94,-125.55,17.78,2.6,75,82
194,Bakchar,57.02,82.07,11.45,1.95,0,51
195,Kailua,21.39,-157.74,22.0,1.5,1,60
196,Hays,38.88,-99.33,20.0,5.1,90,82
197,Pangkalanbuun,-2.68,111.62,24.15,0.18,100,97
198,Den Helder,52.96,4.76,9.44,6.2,90,66
199,Port Lincoln,-34.72,135.86,18.95,9.73,0,60
200,Bartica,6.41,-58.62,26.0,1.0,75,100
201,Omboue,-1.57,9.26,28.05,3.72,100,79
202,Bonavista,48.65,-53.11,6.67,4.02,18,70
203,Conakry,9.52,-13.7,31.0,6.2,20,58
204,Hermitage,41.23,-80.45,23.33,3.1,1,40
205,Mucurapo,10.67,-61.53,32.0,8.7,75,55
206,Camacupa,-12.02,17.48,18.35,0.39,49,71
207,San Patricio,-26.98,-56.83,29.75,0.56,100,71
208,Ikom,5.96,8.72,28.55,2.86,100,72
209,Elko,40.83,-115.76,22.78,2.1,1,34
210,Bar Harbor,44.39,-68.2,21.67,3.6,1,41
211,Roald,62.58,6.12,6.0,5.1,40,56
212,Aykhal,65.95,111.51,-3.0,2.0,90,92
213,Redcar,54.62,-1.06,8.33,2.1,20,50
214,Beringovskiy,63.05,179.32,-6.45,2.75,86,88
215,Sioux Falls,43.55,-96.7,15.0,7.7,40,43
216,Diffa,13.32,12.61,35.35,2.18,25,8
217,Veraval,49.65,0.71,13.33,2.1,0,46
218,Mountain Home,43.13,-115.69,18.0,4.1,1,39
219,Bhadrak,21.06,86.51,29.85,2.65,0,68
220,Mus,43.74,4.2,19.0,6.7,0,29
221,Riyadh,24.63,46.72,32.0,1.5,57,24
222,Riohacha,11.54,-72.91,34.0,5.1,40,49
223,Mugur-Aksy,50.38,90.44,-3.95,1.28,26,47
224,Lumphat,13.5,106.97,26.65,1.51,100,88
225,Revelstoke,50.99,-118.19,10.0,1.5,1,61
226,Hofn,64.25,-15.21,4.0,3.6,90,64
227,Baraki Barak,33.97,68.95,20.0,1.0,75,28
228,Rozkishne,48.5,37.59,16.55,2.58,85,60
229,Thompson,55.74,-97.86,0.0,3.1,75,34
230,Adrar,27.87,-0.29,35.0,6.2,0,10
231,Shellbrook,53.22,-106.39,6.0,1.0,40,45
232,Hasaki,35.73,140.83,14.0,5.1,75,82
233,Paita,-5.09,-81.11,17.0,7.2,0,290
234,Comodoro Rivadavia,-45.87,-67.48,17.0,4.1,0,51
235,El Bordo,2.11,-76.99,34.25,2.9,74,24
236,Labuhan,-2.54,115.51,24.35,0.84,48,87
237,Cockburn Town,21.46,-71.14,26.65,8.36,63,82
238,Moerai,-22.43,-151.33,24.75,3.63,100,78
239,Fonte Boa,-2.51,-66.09,28.55,1.86,86,77
240,Dunedin,-45.87,170.5,12.22,2.68,84,85
241,Moose Factory,51.26,-80.61,2.0,6.7,90,59
242,Klaksvik,62.23,-6.59,5.0,7.2,40,65
243,Tortoli,39.93,9.66,16.0,5.7,75,63
244,Pangody,65.85,74.49,2.55,3.21,100,100
245,Cap Malheureux,-19.98,57.61,25.0,2.6,20,83
246,Port Antonio,18.18,-76.45,30.0,11.8,20,55
247,Palmer,-34.85,139.16,15.0,5.1,0,58
248,Brigantine,39.41,-74.36,23.33,3.1,1,56
249,Camacha,33.08,-16.33,20.0,4.1,20,63
250,Thinadhoo,0.53,72.93,29.85,3.22,43,70
251,Komsomolskiy,67.55,63.78,-0.65,3.09,100,93
252,Najran,17.54,44.22,32.0,4.1,40,17
253,Chapais,49.78,-74.86,9.0,2.6,75,76
254,Melo,-32.37,-54.17,21.15,4.96,38,75
255,Inhambane,-23.87,35.38,23.0,2.1,0,78
256,Yukamenskoye,57.89,52.24,13.95,2.32,100,88
257,Pochutla,15.74,-96.47,34.0,2.28,5,46
258,Chernyakhovsk,54.64,21.81,5.55,2.33,95,73
259,Muisne,0.61,-80.02,31.0,3.6,40,79
260,Yukhnov,54.74,35.23,14.25,2.88,98,80
261,Chernushka,56.5,56.08,14.25,2.93,100,77
262,La Roda,39.21,-2.16,24.0,5.1,0,31
263,West Bay,50.71,-2.76,12.78,4.6,93,54
264,Hargeysa,9.56,44.06,24.65,5.66,58,70
265,Yellowknife,62.45,-114.38,3.33,3.6,20,40
266,Alice Springs,-23.7,133.88,8.0,2.1,0,49
267,Santa Fe,-31.62,-60.7,24.44,2.24,99,62
268,Kirakira,-10.46,161.92,26.05,3.63,100,84
269,Batagay,67.65,134.64,-1.75,2.25,1,80
270,Nouadhibou,20.93,-17.03,22.0,10.3,93,64
271,Krutikha,53.96,81.21,14.95,1.94,11,42
272,Sitka,37.17,-99.65,25.15,4.52,95,55
273,Mar del Plata,-46.43,-67.52,14.45,5.33,0,43
274,Itoman,26.12,127.67,23.0,1.5,75,69
275,Amberley,-43.15,172.73,13.33,3.1,98,87
276,Arti,56.43,58.53,14.05,2.43,98,61
277,Wainwright,52.84,-110.86,9.05,4.93,9,35
278,Tahe,52.34,124.71,4.05,1.48,95,60
279,Ketchikan,55.34,-131.65,9.0,4.1,90,87
280,Carballo,43.21,-8.69,16.67,2.1,90,77
281,Buala,-8.15,159.59,26.55,2.28,100,81
282,Luderitz,-26.65,15.16,15.0,5.1,35,82
283,Olga,34.11,-118.17,20.0,3.1,90,59
284,Praia,-20.25,-43.81,28.0,1.0,40,54
285,Seoul,37.57,126.98,10.0,1.0,1,70
286,Axim,4.87,-2.24,28.75,2.91,91,76
287,Cefalu,38.04,14.02,14.44,5.36,8,64
288,Tagusao,9.19,117.81,29.35,4.98,77,78
289,Henties Bay,-22.12,14.28,13.89,0.89,50,93
290,Watsa,3.04,29.53,24.85,0.64,100,60
291,Kenai,60.55,-151.26,6.11,2.6,90,81
292,Soe,57.91,26.05,10.0,2.6,51,39
293,Kirkwood,-33.4,25.44,19.0,6.7,0,88
294,Nyuksenitsa,60.41,44.24,11.85,2.19,43,90
295,Mingshui,22.81,109.89,20.55,3.66,100,89
296,Conceicao da Barra,-18.59,-39.73,28.65,2.38,36,70
297,Gorontalo,0.54,123.06,25.05,1.13,47,89
298,Lima,-12.06,-77.04,23.89,5.1,0,73
299,Vao,59.1,26.19,6.75,3.47,93,62
300,Chicama,-7.84,-79.15,25.0,4.6,20,73
301,Taybad,34.74,60.78,21.65,3.9,66,30
302,Avera,33.19,-82.53,28.0,3.1,40,44
303,Rabo de Peixe,37.8,-25.58,17.0,9.3,75,88
304,Talaya,55.79,84.89,11.0,1.0,0,27
305,Bushehr,28.97,50.84,27.0,3.1,0,42
306,Caibarien,22.52,-79.47,31.0,2.1,75,55
307,Kaitangata,-46.28,169.85,12.22,0.45,99,85
308,Ancud,-41.87,-73.83,11.0,4.1,0,81
309,Monte Carmelo,-18.73,-47.5,27.25,2.11,0,58
310,Nedryhayliv,50.83,33.88,14.65,3.42,77,87
311,Vardo,39.62,-77.74,23.89,1.5,20,56
312,Gull Lake,50.1,-108.48,7.0,2.6,90,33
313,Waingapu,-9.65,120.26,23.45,3.01,93,84
314,Batemans Bay,-35.71,150.18,7.22,1.34,0,92
315,Puerto Quijarro,-19.0,-57.72,35.0,1.5,40,59
316,Salalah,17.01,54.1,29.0,1.5,0,74
317,Port Hawkesbury,45.62,-61.36,15.56,3.6,1,61
318,Kavaratti,10.57,72.64,29.25,3.77,2,62
319,Finnsnes,69.23,17.98,5.0,4.1,0,60
320,Zhicheng,35.04,112.59,14.15,1.11,100,24
321,Kansas City,39.08,-94.56,25.56,2.96,1,56
322,Fairbanks,64.84,-147.72,6.11,2.6,90,69
323,Quelimane,-17.88,36.89,20.65,1.34,7,83
324,Sao Joao da Barra,-21.64,-41.05,32.0,2.1,20,43
325,San Juan,14.6,121.03,28.0,3.1,75,83
326,San Andres,13.32,122.68,26.45,1.54,100,84
327,Petropavlovsk-Kamchatskiy,53.05,158.65,0.0,4.0,1,71
328,Prince Rupert,54.32,-130.32,8.0,1.5,90,93
329,San Cristobal,-0.39,-78.55,22.0,5.1,75,49
330,Saint-Louis,47.59,7.56,11.67,1.0,75,50
331,Kenora,49.76,-94.48,2.0,3.6,75,55
332,Pisco,-13.71,-76.2,23.33,3.1,0,30
333,Nyuzen,36.93,137.5,10.56,0.89,92,81
334,Harwich,41.69,-70.08,15.56,6.2,90,76
335,Norrkoping,58.59,16.18,9.0,3.6,40,54
336,Husavik,50.56,-96.99,2.78,3.13,10,61
337,Frasinet,44.32,26.8,13.0,4.6,75,93
338,Sinnamary,5.38,-52.96,28.25,7.66,55,78
339,Sibolga,1.74,98.78,28.15,2.67,51,76
340,Mundwa,27.06,73.82,34.25,11.03,0,12
341,Isangel,-19.55,169.27,26.75,7.95,74,83
342,Brooks,50.57,-111.89,8.89,0.89,1,50
343,Gazli,40.13,63.45,27.65,4.15,100,14
344,Chandbali,20.77,86.74,29.85,2.65,0,68
345,Quatre Cocos,-20.21,57.76,25.0,2.6,20,83
346,Marienburg,52.12,9.98,9.44,2.1,75,75
347,Pevek,69.7,170.27,-5.65,2.84,84,95
348,Santa Cruz,36.97,-122.03,17.22,3.6,90,71
349,Siloam Springs,36.19,-94.54,23.89,4.6,40,73
350,Oskaloosa,39.22,-95.31,24.44,2.6,1,64
351,Trat,12.25,102.51,30.56,1.66,89,70
352,Srednekolymsk,67.46,153.71,-1.45,4.3,63,86
353,Iwanai,42.97,140.51,6.55,3.15,100,92
354,La Asuncion,-1.64,-78.74,19.0,7.2,75,63
355,Maba,24.68,113.59,14.85,1.29,59,94
356,Ozinki,51.2,49.73,14.95,4.04,68,88
357,Maldonado,-34.91,-54.96,17.0,5.1,40,72
358,Nishihara,35.74,139.53,16.67,3.6,75,76
359,Grindavik,63.84,-22.43,9.0,4.1,40,70
360,Flinders,-34.58,150.85,11.67,5.1,0,76
361,Caraz,-9.05,-77.81,16.85,3.13,99,56
362,Maraa,-1.83,-65.37,29.65,1.09,99,88
363,Poum,41.28,20.71,8.0,1.5,90,75
364,Rundu,-17.91,19.77,27.0,1.0,1,34
365,Norman Wells,65.28,-126.83,4.0,5.1,75,48
366,Vidim,50.47,14.53,10.56,4.6,0,37
367,Verkhnyaya Inta,65.99,60.32,1.55,2.45,93,96
368,Tuatapere,-46.13,167.69,10.56,4.83,94,97
369,Nara,34.68,135.8,13.0,7.2,32,66
370,Ordzhonikidze,44.96,35.36,10.65,1.11,32,92
371,Grand Gaube,-20.01,57.66,25.0,2.6,20,83
372,Puerto Baquerizo Moreno,-0.9,-89.6,26.05,3.97,20,88
373,Boguchany,58.38,97.46,3.85,2.45,25,77
374,Kohlu,29.9,69.25,28.65,3.25,4,10
375,Cabedelo,-6.97,-34.84,28.0,5.7,75,69
376,Coahuayana,18.62,-100.35,37.55,1.83,100,13
377,Miles City,46.41,-105.84,6.0,2.6,90,70
378,Tynda,55.15,124.74,1.35,0.25,92,79
379,Faanui,-16.48,-151.75,27.95,5.58,47,72
380,Punta Gorda,26.93,-82.05,31.11,6.7,40,62
381,Togitsu,32.83,129.83,16.67,3.1,0,76
382,Fortuna,38.18,-1.13,22.22,4.6,0,60
383,Udachnyy,66.42,112.4,-3.0,2.0,90,92
384,Tual,-5.67,132.75,28.65,5.81,99,79
385,Beyneu,45.32,55.19,22.35,4.05,0,43
386,Mehamn,71.03,27.85,1.0,2.1,0,68
387,San Quintin,17.54,120.52,25.25,1.68,100,75
388,Ambon,47.55,-2.56,14.44,2.6,0,50
389,Yabelo,4.89,38.09,19.15,4.98,78,74
390,Meulaboh,4.14,96.13,27.95,2.34,97,78
391,Dukat,42.44,22.31,8.33,1.34,94,85
392,Valparaiso,41.47,-87.06,25.56,6.2,75,46
393,Japura,-0.42,102.29,25.25,0.17,15,77
394,Hwange,-18.35,26.5,22.55,1.53,1,39
395,Alofi,-19.06,-169.92,26.25,9.11,7,81
396,Sept-Iles,50.2,-66.38,10.56,6.2,20,45
397,Pavlodar,52.28,76.96,13.0,3.0,0,58
398,Castlemaine,52.17,-9.7,13.0,5.1,0,50
399,Plettenberg Bay,-34.05,23.37,19.45,0.67,96,60
400,Tessalit,20.2,1.01,38.65,5.19,0,9
401,Inirida,3.87,-67.92,31.65,1.74,100,61
402,Manaure,11.78,-72.45,34.0,5.1,40,49
403,Champerico,16.38,-93.6,29.0,4.1,40,62
404,La Cruz,23.92,-106.89,28.89,3.13,0,63
405,Shakhtinsk,49.71,72.59,9.0,2.0,0,76
406,Bijar,35.87,47.6,15.35,3.01,20,42
407,Kununurra,-15.77,128.74,17.0,5.12,29,67
408,Buchanan,5.88,-10.05,31.0,6.7,75,74
409,Vila Velha,-3.71,-38.6,31.0,5.7,40,58
410,Canatlan,24.52,-104.78,21.11,2.1,5,22
411,Burnie,-41.05,145.91,5.56,3.13,0,97
412,Qasigiannguit,68.82,-51.19,8.0,4.1,20,49
413,Rochester,44.02,-92.46,15.56,2.1,1,46
414,Kloulklubed,7.04,134.26,26.0,3.1,75,88
415,Bathsheba,13.22,-59.52,30.0,8.7,40,58
416,Teya,21.05,-89.07,34.44,5.1,75,59
417,Dickinson,46.88,-102.79,9.44,1.5,1,52
418,Palauig,15.44,119.9,28.85,2.71,100,74
419,Hualmay,-11.1,-77.61,18.95,6.11,100,94
420,Strangnas,59.38,17.03,9.0,3.6,75,65
421,Ahipara,-35.17,173.16,15.56,7.77,49,100
422,Churapcha,62.0,132.43,-3.75,2.12,0,69
423,Kartaly,53.05,60.64,17.45,4.49,15,32
424,Zumpango,19.56,-98.22,22.0,4.6,75,37
425,Tavda,58.04,65.27,15.05,1.34,100,72
426,Champasak,14.89,105.88,28.95,2.19,100,69
427,Owando,-0.49,15.91,26.05,1.26,99,74
428,Namibe,-15.19,12.15,22.55,3.47,45,79
429,Sao Jose da Coroa Grande,-8.9,-35.15,29.25,4.27,63,60
430,Tokur,53.13,132.9,-4.85,1.48,5,96
431,Sabha,27.03,14.43,32.05,3.92,24,13
432,Arlit,18.74,7.39,38.25,3.53,0,8
433,Altamont,49.4,-98.5,2.0,5.1,90,59
434,Dalby,-27.18,151.26,10.56,1.36,0,77
435,Cairns,-16.92,145.77,20.0,3.1,40,72
436,Taksimo,56.36,114.84,2.45,2.07,99,83
437,Luzilandia,-3.46,-42.37,29.25,2.37,73,85
438,Itacoatiara,-3.14,-58.44,30.95,2.01,67,73
439,Payo,-3.75,103.64,21.55,1.55,21,84
440,Tame,6.46,-71.72,15.85,2.18,100,83
441,Saint-Pierre,48.95,4.24,12.78,2.1,0,57
442,Bosaso,11.28,49.18,29.35,2.72,0,76
443,Florianopolis,-27.6,-48.55,32.22,6.2,20,58
444,Kieta,-6.22,155.63,27.95,3.78,95,75
445,Eisiskes,54.17,25.0,10.0,5.7,75,42
446,Poso,-1.4,120.75,17.85,1.13,99,98
447,Puerto Escondido,15.86,-97.07,30.0,3.45,5,66
448,Hobyo,5.35,48.53,29.05,5.56,6,67
449,Hit,33.64,42.83,28.05,3.5,95,22
450,Atar,20.52,-13.05,39.55,4.64,0,10
451,Haines Junction,60.75,-137.51,3.95,4.17,34,49
452,Sioux Lookout,50.1,-91.92,1.0,4.6,90,59
453,Byron Bay,-28.65,153.62,13.89,1.54,0,93
454,Iqaluit,63.75,-68.52,0.0,4.1,90,100
455,Karratha,-20.74,116.85,27.65,6.03,0,18
456,Broken Hill,-31.97,141.45,11.0,3.1,0,62
457,Kulhudhuffushi,6.62,73.07,29.35,2.3,45,61
458,Binga,-17.62,27.34,20.85,2.31,0,55
459,Moron,10.49,-68.2,36.45,2.77,98,37
460,Bahia Blanca,-38.72,-62.27,19.85,3.05,0,33
461,Kutum,14.2,24.66,31.65,3.09,8,7
462,Dillon,45.22,-112.64,11.67,1.5,1,65
463,Sola,58.89,5.65,7.22,12.3,40,65
464,Chuguyevka,44.17,133.87,3.95,2.02,77,55
465,San Policarpo,12.18,125.51,27.55,2.86,62,76
466,Khudumelapye,-23.91,24.95,22.05,4.16,0,30
467,Port Hedland,-20.31,118.58,23.0,2.6,0,100
468,Rumonge,-3.97,29.44,17.35,0.87,80,91
469,Ipaussu,-23.06,-49.63,29.45,2.08,4,56
470,Matadi,-5.83,13.46,24.75,0.89,100,94
471,Musoma,-1.5,33.81,25.45,5.17,97,70
472,Sungairaya,0.7,108.9,30.05,3.97,89,71
473,Quang Ngai,15.12,108.8,24.85,1.52,100,79
474,Burgos,42.34,-3.7,20.0,3.6,0,30
475,Panzhihua,26.59,101.72,19.15,1.68,11,50
476,Walvis Bay,-22.95,14.51,16.0,3.1,45,72
477,Saldanha,41.42,-6.55,19.55,5.1,25,44
478,Bodmin,50.47,-4.72,12.22,3.6,20,57
479,Weihai,37.5,122.11,12.22,3.74,0,90
480,Hovd,63.83,10.7,6.11,5.1,75,56
481,Northam,51.04,-4.21,12.22,5.1,20,57
482,Antalaha,-14.9,50.28,19.95,1.42,53,98
483,Canavieiras,-15.68,-38.95,27.0,3.1,40,88
484,Westport,53.8,-9.52,11.67,2.6,75,59
485,Kadyy,57.79,43.19,15.75,1.17,100,63
486,Kuteynykove,47.81,38.29,18.15,2.49,61,53
487,Gubkinskiy,64.43,76.5,6.55,2.18,100,87
488,Balad,-6.76,108.42,20.25,1.29,1,93
489,Aquiraz,-3.9,-38.39,31.0,5.7,40,58
490,Mumbwa,-14.99,27.06,19.95,2.83,0,73
491,Newton,41.7,-93.05,18.89,4.6,1,59
492,Ayorou,14.73,0.92,42.55,2.93,3,9
493,Fuerte Olimpo,-21.04,-57.87,35.45,1.82,100,43
494,Belmonte,40.36,-7.35,16.67,2.68,5,71
495,Saint-Francois,46.42,3.91,12.0,1.5,0,50
496,San Ramon de la Nueva Oran,-23.13,-64.33,23.85,0.39,55,80
497,Pampas,-12.4,-74.87,13.65,5.98,24,45
498,Saint-Ambroise,47.25,-0.65,16.67,1.0,0,41
499,Terme,41.21,36.97,15.0,3.1,0,87
500,Boa Vista,2.82,-60.67,24.0,1.0,90,94
501,Tecolutla,17.31,-98.74,28.45,3.04,48,16
502,Khandyga,62.65,135.58,-0.85,1.33,100,98
503,Iguatu,-6.36,-39.3,31.95,2.01,12,38
504,Quartz Hill,34.65,-118.22,19.44,9.3,20,51
505,Fare,-16.7,-151.02,27.75,5.03,37,74
506,Lukulu,-14.38,23.24,25.45,2.29,79,44
507,Mayya,61.74,130.28,-5.0,1.0,0,85
508,San Pedro,-33.68,-59.66,21.67,3.58,20,46
509,Waggaman,29.92,-90.21,28.33,3.1,40,61
510,Mapiripan,2.89,-72.13,28.95,1.15,91,76
511,Puerto Colombia,10.99,-74.96,34.44,3.6,0,59
512,Paamiut,61.99,-49.67,6.35,7.65,92,67
513,Totness,33.74,-80.8,27.78,2.6,75,54
514,Bartoszyce,54.25,20.81,5.75,2.58,26,80
515,Brejo Santo,-7.49,-38.99,33.0,1.0,20,36
516,Gimli,50.63,-96.99,2.78,3.13,27,61
517,Beloha,-25.17,45.06,21.25,2.41,0,89
518,Abu Kamal,34.45,40.92,29.55,4.64,100,19
519,Niquelandia,-14.47,-48.46,29.65,1.58,46,55
520,Baykit,61.68,96.39,-1.55,4.95,15,83
521,Lindsay,44.36,-78.74,21.11,5.7,1,46
522,Preutesti,47.45,26.42,9.44,5.7,40,93
523,Porto Walter,-8.27,-72.74,32.65,0.46,19,52
524,Chuy,-33.69,-53.46,18.45,7.58,0,67
525,Morozovsk,48.35,41.83,16.35,0.86,27,57
526,Marzuq,14.4,46.47,28.35,1.9,42,23
527,Atbasar,51.81,68.36,17.75,2.39,81,30
528,Tandil,-37.33,-59.14,21.11,1.34,1,33
529,Troitsko-Pechorsk,62.71,56.19,5.95,2.28,98,94
530,Vilcun,-38.65,-72.23,15.0,1.0,75,87
531,Yeppoon,-23.13,150.74,11.0,1.22,0,87
532,Mocajuba,-2.58,-49.5,32.15,0.83,100,59
533,Narsaq,60.91,-46.05,17.0,12.9,75,27
534,Turnov,50.59,15.16,10.0,4.6,0,37
535,Ishigaki,24.34,124.16,23.35,7.95,99,78
